Layers:
Main;0;1;0;
Tiles:
Dirt_3;0;0;0;0;
Dirt_3;0;12;0;1;
Dirt_3;0;24;0;2;
Dirt_3;0;36;0;3;
Dirt_3;0;48;0;4;
Dirt_3;0;60;0;5;
Dirt_3;0;72;0;6;
Dirt_3;0;96;0;7;
Dirt_3;0;120;0;8;
Dirt_3;0;132;12;9;
Dirt_3;0;156;12;10;
Dirt_3;0;180;12;11;
Dirt_3;0;192;12;12;
Dirt_3;0;204;12;13;
Dirt_3;0;216;12;14;
Dirt_3;0;228;12;15;
Dirt_3;0;240;12;16;
Dirt_3;0;252;12;17;
Dirt_3;0;264;12;18;
Dirt_3;0;276;12;19;
Dirt_3;0;288;12;20;
Dirt_3;0;300;12;21;
Dirt_3;0;312;12;22;
Dirt_3;0;324;12;23;
Dirt_3;0;336;12;24;
Dirt_3;0;348;12;25;
Dirt_3;0;348;0;26;
Dirt_3;0;336;0;27;
Dirt_3;0;324;0;28;
Dirt_3;0;312;0;29;
Dirt_3;0;300;0;30;
Dirt_3;0;288;0;31;
Dirt_3;0;264;0;32;
Dirt_3;0;240;0;33;
Dirt_3;0;228;0;34;
Dirt_3;0;216;0;35;
Dirt_3;0;204;0;36;
Dirt_3;0;192;0;37;
Dirt_3;0;180;0;38;
Dirt_3;0;168;0;39;
Dirt_3;0;156;0;40;
Dirt_3;0;144;0;41;
Dirt_3;0;132;0;42;
Dirt_3;0;120;0;43;
Dirt_3;0;108;0;44;
Dirt_3;0;96;0;45;
Dirt_3;0;84;0;46;
Dirt_3;0;84;12;47;
Dirt_3;0;96;12;48;
Dirt_3;0;108;12;49;
Dirt_3;0;120;24;50;
Dirt_3;0;132;24;51;
Dirt_3;0;144;24;52;
Dirt_3;0;144;12;53;
Dirt_3;0;156;12;54;
Dirt_3;0;168;12;55;
Dirt_3;0;156;12;56;
Dirt_3;0;144;12;57;
Dirt_3;0;132;12;58;
Dirt_3;0;120;12;59;
Dirt_3;0;252;0;60;
Dirt_3;0;276;0;61;
Dirt_3;0;156;24;62;
Dirt_3;0;168;24;63;
Dirt_3;0;192;24;64;
Dirt_3;0;204;24;65;
Dirt_3;0;228;24;66;
Dirt_3;0;240;24;67;
Dirt_3;0;252;24;68;
Dirt_3;0;264;24;69;
Dirt_3;0;276;24;70;
Dirt_3;0;300;24;71;
Dirt_3;0;312;24;72;
Dirt_3;0;324;24;73;
Dirt_3;0;336;24;74;
Dirt_3;0;348;24;75;
Dirt_3;0;288;24;76;
Dirt_3;0;216;24;77;
Dirt_3;0;180;24;78;
Dirt_3;0;108;24;79;
Dirt_3;0;96;24;80;
Dirt_3;0;84;24;81;
Dirt_3;0;72;24;82;
Dirt_3;0;72;12;83;
Dirt_3;0;60;12;84;
Dirt_3;0;48;12;85;
Dirt_3;0;36;12;86;
Dirt_3;0;24;12;87;
Dirt_3;0;12;12;88;
Dirt_3;0;0;12;89;
Dirt_3;0;0;24;90;
Dirt_3;0;12;24;91;
Dirt_3;0;24;24;92;
Dirt_3;0;36;24;93;
Dirt_3;0;48;24;94;
Dirt_3;0;60;24;95;
Dirt_3;0;0;36;96;
Dirt_3;0;24;36;97;
Dirt_3;0;48;36;98;
Dirt_3;0;60;36;99;
Dirt_3;0;72;36;100;
Dirt_3;0;84;36;101;
Dirt_3;0;96;36;102;
Dirt_3;0;108;36;103;
Dirt_3;0;120;36;104;
Dirt_3;0;132;36;105;
Dirt_3;0;144;36;106;
Dirt_3;0;156;36;107;
Dirt_3;0;168;36;108;
Dirt_3;0;180;36;109;
Dirt_3;0;192;36;110;
Dirt_3;0;204;36;111;
Dirt_3;0;216;36;112;
Dirt_3;0;228;36;113;
Dirt_3;0;240;36;114;
Dirt_3;0;252;36;115;
Dirt_3;0;264;36;116;
Dirt_3;0;276;36;117;
Dirt_3;0;288;36;118;
Dirt_3;0;300;36;119;
Dirt_3;0;312;36;120;
Dirt_3;0;324;36;121;
Dirt_3;0;336;36;122;
Dirt_3;0;348;36;123;
Dirt_3;0;36;36;124;
Dirt_3;0;12;36;125;
Dirt_3;0;0;48;126;
Dirt_3;0;12;48;127;
Dirt_3;0;24;48;128;
Dirt_3;0;36;48;129;
Dirt_3;0;48;48;130;
Dirt_3;0;60;48;131;
Dirt_3;0;72;48;132;
Dirt_3;0;84;48;133;
Dirt_3;0;96;48;134;
Dirt_3;0;108;48;135;
Dirt_3;0;120;48;136;
Dirt_3;0;132;48;137;
Dirt_3;0;144;48;138;
Dirt_3;0;156;48;139;
Dirt_3;0;168;48;140;
Dirt_3;0;180;48;141;
Dirt_3;0;192;48;142;
Dirt_3;0;204;48;143;
Dirt_3;0;216;48;144;
Dirt_3;0;228;48;145;
Dirt_3;0;240;48;146;
Dirt_3;0;252;48;147;
Dirt_3;0;264;48;148;
Dirt_3;0;276;48;149;
Dirt_3;0;288;48;150;
Dirt_3;0;300;48;151;
Dirt_3;0;312;48;152;
Dirt_3;0;324;48;153;
Dirt_3;0;336;48;154;
Dirt_3;0;348;48;155;
Dirt_3;0;0;60;156;
Dirt_3;0;12;60;157;
Dirt_3;0;24;60;158;
Dirt_3;0;36;60;159;
Dirt_3;0;48;60;160;
Dirt_3;0;60;60;161;
Dirt_3;0;60;72;162;
Dirt_3;0;60;84;163;
Dirt_3;0;60;96;164;
Dirt_3;0;60;108;165;
Dirt_3;0;60;120;166;
Dirt_3;0;60;132;167;
Dirt_3;0;72;156;169;
Dirt_3;0;72;132;171;
Dirt_3;0;72;120;172;
Dirt_3;0;72;108;173;
Dirt_3;0;72;96;174;
Dirt_3;0;72;72;176;
Dirt_3;0;72;60;177;
Dirt_3;0;60;144;178;
Dirt_3;0;60;156;179;
Dirt_3;0;60;168;180;
Dirt_3;0;60;180;181;
Dirt_3;0;60;192;182;
Dirt_3;0;60;204;183;
Dirt_3;0;60;216;184;
Dirt_3;0;60;228;185;
Dirt_3;0;60;240;186;
Dirt_3;0;60;252;187;
Dirt_3;0;60;264;188;
Dirt_3;0;60;276;189;
Dirt_3;0;60;288;190;
Dirt_3;0;60;300;191;
Dirt_3;0;60;312;192;
Dirt_3;0;60;324;193;
Dirt_3;0;60;336;194;
Dirt_3;0;72;336;195;
Dirt_3;0;72;324;196;
Dirt_3;0;72;312;197;
Dirt_3;0;72;300;198;
Dirt_3;0;72;288;199;
Dirt_3;0;72;276;200;
Dirt_3;0;72;264;201;
Dirt_3;0;72;252;202;
Dirt_3;0;72;240;203;
Dirt_3;0;72;228;204;
Dirt_3;0;72;216;205;
Dirt_3;0;72;204;206;
Dirt_3;0;72;192;207;
Dirt_3;0;72;180;208;
Dirt_3;0;48;72;250;
Dirt_3;0;48;84;251;
Dirt_3;0;48;96;252;
Dirt_3;0;48;108;253;
Dirt_3;0;48;120;254;
Dirt_3;0;48;132;255;
Dirt_3;0;48;144;256;
Dirt_3;0;48;156;257;
Dirt_3;0;48;168;258;
Dirt_3;0;48;180;259;
Dirt_3;0;48;192;260;
Dirt_3;0;48;204;261;
Dirt_3;0;48;216;262;
Dirt_3;0;48;228;263;
Dirt_3;0;48;240;264;
Dirt_3;0;48;252;265;
Dirt_3;0;48;264;266;
Dirt_3;0;48;276;267;
Dirt_3;0;48;288;268;
Dirt_3;0;48;300;269;
Dirt_3;0;48;312;270;
Dirt_3;0;48;324;271;
Dirt_3;0;48;336;272;
Dirt_3;0;36;336;273;
Dirt_3;0;24;336;274;
Dirt_3;0;12;336;275;
Dirt_3;0;0;336;276;
Dirt_3;0;0;72;277;
Dirt_3;0;12;72;278;
Dirt_3;0;24;72;279;
Dirt_3;0;36;72;280;
Dirt_3;0;36;84;281;
Dirt_3;0;36;96;282;
Dirt_3;0;24;96;283;
Dirt_3;0;24;84;284;
Dirt_3;0;12;84;285;
Dirt_3;0;0;84;286;
Dirt_3;0;0;96;287;
Dirt_3;0;12;96;288;
Dirt_3;0;12;108;289;
Dirt_3;0;0;108;290;
Dirt_3;0;12;108;291;
Dirt_3;0;24;108;292;
Dirt_3;0;36;108;293;
Dirt_3;0;36;120;294;
Dirt_3;0;24;120;295;
Dirt_3;0;12;120;296;
Dirt_3;0;0;120;297;
Dirt_3;0;0;132;298;
Dirt_3;0;12;132;299;
Dirt_3;0;24;132;300;
Dirt_3;0;36;132;301;
Dirt_3;0;36;144;302;
Dirt_3;0;24;144;303;
Dirt_3;0;12;144;304;
Dirt_3;0;0;144;305;
Dirt_3;0;0;156;306;
Dirt_3;0;0;168;307;
Dirt_3;0;12;168;308;
Dirt_3;0;24;156;309;
Dirt_3;0;36;156;310;
Dirt_3;0;36;168;311;
Dirt_3;0;24;168;312;
Dirt_3;0;12;156;313;
Dirt_3;0;36;180;314;
Dirt_3;0;36;192;315;
Dirt_3;0;36;204;316;
Dirt_3;0;36;216;317;
Dirt_3;0;36;228;318;
Dirt_3;0;36;240;319;
Dirt_3;0;36;252;320;
Dirt_3;0;24;180;321;
Dirt_3;0;24;192;322;
Dirt_3;0;24;204;323;
Dirt_3;0;24;216;324;
Dirt_3;0;24;228;325;
Dirt_3;0;24;240;326;
Dirt_3;0;24;252;327;
Dirt_3;0;12;180;328;
Dirt_3;0;12;192;329;
Dirt_3;0;12;204;330;
Dirt_3;0;12;216;331;
Dirt_3;0;12;228;332;
Dirt_3;0;12;240;333;
Dirt_3;0;12;252;334;
Dirt_3;0;0;180;335;
Dirt_3;0;0;192;336;
Dirt_3;0;0;204;337;
Dirt_3;0;0;216;338;
Dirt_3;0;0;228;339;
Dirt_3;0;0;240;340;
Dirt_3;0;0;252;341;
Dirt_3;0;0;264;342;
Dirt_3;0;0;276;343;
Dirt_3;0;0;288;344;
Dirt_3;0;0;300;345;
Dirt_3;0;0;312;346;
Dirt_3;0;0;324;347;
Dirt_3;0;12;324;348;
Dirt_3;0;24;324;349;
Dirt_3;0;36;324;350;
Dirt_3;0;36;312;351;
Dirt_3;0;24;312;352;
Dirt_3;0;12;312;353;
Dirt_3;0;12;300;354;
Dirt_3;0;12;288;355;
Dirt_3;0;12;276;356;
Dirt_3;0;12;264;357;
Dirt_3;0;24;264;358;
Dirt_3;0;36;264;359;
Dirt_3;0;36;276;360;
Dirt_3;0;36;288;361;
Dirt_3;0;36;300;362;
Dirt_3;0;24;300;363;
Dirt_3;0;24;288;364;
Dirt_3;0;24;276;365;
Dirt_3;0;84;228;372;
Dirt_3;0;84;240;373;
Dirt_3;0;84;252;374;
Dirt_3;0;84;264;375;
Dirt_3;0;84;276;376;
Dirt_3;0;84;288;377;
Dirt_3;0;84;300;378;
Dirt_3;0;84;312;379;
Dirt_3;0;84;324;380;
Dirt_3;0;84;336;381;
Dirt_3;0;0;-12;382;
Dirt_3;0;12;-12;383;
Dirt_3;0;24;-12;384;
Dirt_3;0;36;-12;385;
Dirt_3;0;48;-12;386;
Dirt_3;0;60;-12;387;
Dirt_3;0;72;-12;388;
Dirt_3;0;84;-12;389;
Dirt_3;0;96;-12;390;
Dirt_3;0;108;-12;391;
Dirt_3;0;120;-12;392;
Dirt_3;0;132;-12;393;
Dirt_3;0;144;-12;394;
Dirt_3;0;156;-12;395;
Dirt_3;0;168;-12;396;
Dirt_3;0;180;-12;397;
Dirt_3;0;192;-12;398;
Dirt_3;0;204;-12;399;
Dirt_3;0;216;-12;400;
Dirt_3;0;228;-12;401;
Dirt_3;0;240;-12;402;
Dirt_3;0;252;-12;403;
Dirt_3;0;264;-12;404;
Dirt_3;0;276;-12;405;
Dirt_3;0;288;-12;406;
Dirt_3;0;300;-12;407;
Dirt_3;0;312;-12;408;
Dirt_3;0;324;-12;409;
Dirt_3;0;336;-12;410;
Dirt_3;0;348;-12;411;
Dirt_3;0;360;-12;424;
Dirt_3;0;360;0;425;
Dirt_3;0;360;12;426;
Dirt_3;0;360;24;427;
Dirt_3;0;360;36;428;
Dirt_3;0;360;48;429;
Dirt_3;0;372;-12;472;
Dirt_3;0;372;0;473;
Dirt_3;0;372;12;474;
Dirt_3;0;372;24;475;
Dirt_3;0;372;36;476;
Dirt_3;0;372;48;477;
Dirt_3;0;372;60;478;
Dirt_3;0;372;72;479;
Dirt_3;0;372;84;480;
Dirt_3;0;372;96;481;
Dirt_3;0;372;108;482;
Dirt_3;0;372;120;483;
Dirt_3;0;372;132;484;
Dirt_3;0;372;144;485;
Dirt_3;0;384;-12;486;
Dirt_3;0;384;0;487;
Dirt_3;0;384;12;488;
Dirt_3;0;384;24;489;
Dirt_3;0;384;36;490;
Dirt_3;0;384;48;491;
Dirt_3;0;384;60;492;
Dirt_3;0;384;72;493;
Dirt_3;0;384;84;494;
Dirt_3;0;384;96;495;
Dirt_3;0;384;108;496;
Dirt_3;0;384;120;497;
Dirt_3;0;384;132;498;
Dirt_3;0;384;144;499;
Dirt_3;0;396;0;500;
Dirt_3;0;396;12;501;
Dirt_3;0;396;24;502;
Dirt_3;0;396;36;503;
Dirt_3;0;396;48;504;
Dirt_3;0;396;60;505;
Dirt_3;0;396;72;506;
Dirt_3;0;396;84;507;
Dirt_3;0;396;96;508;
Dirt_3;0;396;108;509;
Dirt_3;0;396;120;510;
Dirt_3;0;396;132;511;
Dirt_3;0;396;144;512;
Dirt_3;0;396;-12;513;
Dirt_3;0;408;-12;514;
Dirt_3;0;408;0;515;
Dirt_3;0;408;12;516;
Dirt_3;0;408;24;517;
Dirt_3;0;408;36;518;
Dirt_3;0;408;48;519;
Dirt_3;0;408;60;520;
Dirt_3;0;408;72;521;
Dirt_3;0;408;84;522;
Dirt_3;0;408;96;523;
Dirt_3;0;408;108;524;
Dirt_3;0;408;120;525;
Dirt_3;0;408;132;526;
Dirt_3;0;408;144;527;
Dirt_3;0;420;-12;528;
Dirt_3;0;420;0;529;
Dirt_3;0;420;12;530;
Dirt_3;0;420;24;531;
Dirt_3;0;420;48;532;
Dirt_3;0;420;60;533;
Dirt_3;0;420;72;534;
Dirt_3;0;420;84;535;
Dirt_3;0;420;96;536;
Dirt_3;0;420;108;537;
Dirt_3;0;420;120;538;
Dirt_3;0;420;132;539;
Dirt_3;0;420;144;540;
Dirt_3;0;420;36;541;
Dirt_3;0;432;-12;542;
Dirt_3;0;432;0;543;
Dirt_3;0;432;12;544;
Dirt_3;0;432;24;545;
Dirt_3;0;432;36;546;
Dirt_3;0;432;48;547;
Dirt_3;0;432;60;548;
Dirt_3;0;432;72;549;
Dirt_3;0;432;84;550;
Dirt_3;0;432;96;551;
Dirt_3;0;432;108;552;
Dirt_3;0;432;120;553;
Dirt_3;0;432;132;554;
Dirt_3;0;432;144;555;
Dirt_3;0;360;228;562;
Dirt_3;0;360;240;563;
Dirt_3;0;360;252;564;
Dirt_3;0;360;264;565;
Dirt_3;0;372;168;567;
Dirt_3;0;372;180;568;
Dirt_3;0;372;192;569;
Dirt_3;0;372;204;570;
Dirt_3;0;372;216;571;
Dirt_3;0;372;228;572;
Dirt_3;0;372;240;573;
Dirt_3;0;372;252;574;
Dirt_3;0;372;264;575;
Dirt_3;0;384;156;576;
Dirt_3;0;384;168;577;
Dirt_3;0;384;192;578;
Dirt_3;0;384;204;579;
Dirt_3;0;384;216;580;
Dirt_3;0;384;228;581;
Dirt_3;0;384;240;582;
Dirt_3;0;384;252;583;
Dirt_3;0;384;264;584;
Dirt_3;0;384;180;585;
Dirt_3;0;396;156;586;
Dirt_3;0;396;168;587;
Dirt_3;0;396;180;588;
Dirt_3;0;396;192;589;
Dirt_3;0;396;204;590;
Dirt_3;0;396;216;591;
Dirt_3;0;396;228;592;
Dirt_3;0;396;240;593;
Dirt_3;0;396;252;594;
Dirt_3;0;396;264;595;
Dirt_3;0;408;156;596;
Dirt_3;0;408;180;597;
Dirt_3;0;408;192;598;
Dirt_3;0;408;204;599;
Dirt_3;0;408;216;600;
Dirt_3;0;408;228;601;
Dirt_3;0;408;240;602;
Dirt_3;0;408;252;603;
Dirt_3;0;408;264;604;
Dirt_3;0;408;168;605;
Dirt_3;0;420;156;606;
Dirt_3;0;432;156;607;
Dirt_3;0;432;168;608;
Dirt_3;0;432;180;609;
Dirt_3;0;432;192;610;
Dirt_3;0;432;204;611;
Dirt_3;0;432;216;612;
Dirt_3;0;432;228;613;
Dirt_3;0;432;240;614;
Dirt_3;0;432;252;615;
Dirt_3;0;432;264;616;
Dirt_3;0;420;168;617;
Dirt_3;0;420;180;618;
Dirt_3;0;420;192;619;
Dirt_3;0;420;204;620;
Dirt_3;0;420;216;621;
Dirt_3;0;420;228;622;
Dirt_3;0;420;240;623;
Dirt_3;0;420;252;624;
Dirt_3;0;420;264;625;
Dirt_3;0;96;228;698;
Dirt_3;0;96;240;699;
Dirt_3;0;96;252;700;
Dirt_3;0;108;252;701;
Dirt_3;0;108;240;702;
Dirt_3;0;108;228;703;
Dirt_3;0;180;252;710;
Dirt_3;0;192;252;711;
Dirt_3;0;204;252;712;
Dirt_3;0;216;252;713;
Dirt_3;0;228;252;714;
Dirt_3;0;240;252;715;
Dirt_3;0;252;252;716;
Dirt_3;0;264;252;717;
Dirt_3;0;276;252;718;
Dirt_3;0;288;252;719;
Dirt_3;0;300;252;720;
Dirt_3;0;312;252;721;
Dirt_3;0;324;252;722;
Dirt_3;0;336;252;723;
Dirt_3;0;348;252;724;
Dirt_3;0;348;240;725;
Dirt_3;0;348;228;726;
Dirt_3;0;180;228;744;
Dirt_3;0;192;228;745;
Dirt_3;0;216;228;746;
Dirt_3;0;240;228;747;
Dirt_3;0;252;228;748;
Dirt_3;0;264;228;749;
Dirt_3;0;276;228;750;
Dirt_3;0;288;228;751;
Dirt_3;0;300;228;752;
Dirt_3;0;312;228;753;
Dirt_3;0;324;228;754;
Dirt_3;0;336;228;755;
Dirt_3;0;336;240;756;
Dirt_3;0;324;240;757;
Dirt_3;0;312;240;758;
Dirt_3;0;300;240;759;
Dirt_3;0;288;240;760;
Dirt_3;0;276;240;761;
Dirt_3;0;264;240;762;
Dirt_3;0;252;240;763;
Dirt_3;0;240;240;764;
Dirt_3;0;228;240;765;
Dirt_3;0;228;228;766;
Dirt_3;0;216;240;767;
Dirt_3;0;204;240;768;
Dirt_3;0;204;228;769;
Dirt_3;0;192;240;770;
Dirt_3;0;180;240;771;
Dirt_3;0;96;264;773;
Dirt_3;0;108;264;774;
Dirt_3;0;108;276;775;
Dirt_3;0;108;288;776;
Dirt_3;0;108;300;777;
Dirt_3;0;108;312;778;
Dirt_3;0;108;324;779;
Dirt_3;0;108;336;780;
Dirt_3;0;96;336;781;
Dirt_3;0;96;324;782;
Dirt_3;0;96;312;783;
Dirt_3;0;96;300;784;
Dirt_3;0;96;288;785;
Dirt_3;0;96;276;786;
Dirt_3;0;156;264;787;
Dirt_3;0;156;276;788;
Dirt_3;0;156;288;789;
Dirt_3;0;156;300;790;
Dirt_3;0;156;312;791;
Dirt_3;0;168;336;794;
Dirt_3;0;180;336;795;
Dirt_3;0;180;324;796;
Dirt_3;0;192;336;797;
Dirt_3;0;204;336;798;
Dirt_3;0;216;336;799;
Dirt_3;0;228;336;800;
Dirt_3;0;240;336;801;
Dirt_3;0;252;336;802;
Dirt_3;0;264;336;803;
Dirt_3;0;276;336;804;
Dirt_3;0;288;336;805;
Dirt_3;0;300;336;806;
Dirt_3;0;312;336;807;
Dirt_3;0;324;336;808;
Dirt_3;0;336;336;809;
Dirt_3;0;348;336;810;
Dirt_3;0;360;336;811;
Dirt_3;0;360;324;812;
Dirt_3;0;360;312;813;
Dirt_3;0;360;300;814;
Dirt_3;0;360;288;815;
Dirt_3;0;360;276;816;
Dirt_3;0;348;324;817;
Dirt_3;0;336;324;818;
Dirt_3;0;324;324;819;
Dirt_3;0;312;324;820;
Dirt_3;0;300;324;821;
Dirt_3;0;288;324;822;
Dirt_3;0;276;324;823;
Dirt_3;0;264;324;824;
Dirt_3;0;252;324;825;
Dirt_3;0;240;324;826;
Dirt_3;0;228;324;827;
Dirt_3;0;216;324;828;
Dirt_3;0;204;324;829;
Dirt_3;0;192;324;830;
Dirt_3;0;168;324;831;
Dirt_3;0;168;312;832;
Dirt_3;0;168;300;833;
Dirt_3;0;168;288;834;
Dirt_3;0;168;276;835;
Dirt_3;0;168;264;836;
Dirt_3;0;180;264;837;
Dirt_3;0;192;264;838;
Dirt_3;0;204;264;839;
Dirt_3;0;216;264;840;
Dirt_3;0;228;264;841;
Dirt_3;0;240;264;842;
Dirt_3;0;252;264;843;
Dirt_3;0;264;264;844;
Dirt_3;0;276;264;845;
Dirt_3;0;288;264;846;
Dirt_3;0;300;264;847;
Dirt_3;0;312;264;848;
Dirt_3;0;324;264;849;
Dirt_3;0;336;264;850;
Dirt_3;0;348;264;851;
Dirt_3;0;348;276;852;
Dirt_3;0;348;288;853;
Dirt_3;0;348;300;854;
Dirt_3;0;348;312;855;
Dirt_3;0;336;312;856;
Dirt_3;0;324;312;857;
Dirt_3;0;312;312;858;
Dirt_3;0;300;312;859;
Dirt_3;0;288;312;860;
Dirt_3;0;276;312;861;
Dirt_3;0;264;312;862;
Dirt_3;0;252;312;863;
Dirt_3;0;240;312;864;
Dirt_3;0;228;312;865;
Dirt_3;0;216;312;866;
Dirt_3;0;204;312;867;
Dirt_3;0;192;312;868;
Dirt_3;0;180;312;869;
Dirt_3;0;180;300;870;
Dirt_3;0;180;288;871;
Dirt_3;0;180;276;872;
Dirt_3;0;192;276;873;
Dirt_3;0;204;276;874;
Dirt_3;0;216;276;875;
Dirt_3;0;240;276;876;
Dirt_3;0;252;276;877;
Dirt_3;0;264;276;878;
Dirt_3;0;276;276;879;
Dirt_3;0;288;276;880;
Dirt_3;0;300;276;881;
Dirt_3;0;312;276;882;
Dirt_3;0;324;276;883;
Dirt_3;0;336;276;884;
Dirt_3;0;336;288;885;
Dirt_3;0;336;300;886;
Dirt_3;0;324;300;887;
Dirt_3;0;312;300;888;
Dirt_3;0;300;300;889;
Dirt_3;0;288;300;890;
Dirt_3;0;276;300;891;
Dirt_3;0;264;300;892;
Dirt_3;0;252;300;893;
Dirt_3;0;240;300;894;
Dirt_3;0;228;300;895;
Dirt_3;0;216;300;896;
Dirt_3;0;204;300;897;
Dirt_3;0;192;300;898;
Dirt_3;0;192;288;899;
Dirt_3;0;204;288;900;
Dirt_3;0;216;288;901;
Dirt_3;0;240;288;902;
Dirt_3;0;252;288;903;
Dirt_3;0;264;288;904;
Dirt_3;0;276;288;905;
Dirt_3;0;288;288;906;
Dirt_3;0;300;288;907;
Dirt_3;0;312;288;908;
Dirt_3;0;324;288;909;
Dirt_3;0;228;288;910;
Dirt_3;0;228;276;911;
Dirt_3;0;372;276;912;
Dirt_3;0;384;276;913;
Dirt_3;0;396;276;914;
Dirt_3;0;408;276;915;
Dirt_3;0;420;276;916;
Dirt_3;0;432;276;917;
Dirt_3;0;432;288;918;
Dirt_3;0;432;300;919;
Dirt_3;0;432;312;920;
Dirt_3;0;432;324;921;
Dirt_3;0;432;336;922;
Dirt_3;0;420;336;923;
Dirt_3;0;408;336;924;
Dirt_3;0;396;336;925;
Dirt_3;0;384;336;926;
Dirt_3;0;372;336;927;
Dirt_3;0;372;324;928;
Dirt_3;0;384;324;929;
Dirt_3;0;396;324;930;
Dirt_3;0;408;324;931;
Dirt_3;0;420;324;932;
Dirt_3;0;420;312;933;
Dirt_3;0;408;312;934;
Dirt_3;0;396;312;935;
Dirt_3;0;384;312;936;
Dirt_3;0;372;312;937;
Dirt_3;0;372;300;938;
Dirt_3;0;384;300;939;
Dirt_3;0;396;300;940;
Dirt_3;0;408;300;941;
Dirt_3;0;420;300;942;
Dirt_3;0;420;288;943;
Dirt_3;0;408;288;944;
Dirt_3;0;396;288;945;
Dirt_3;0;384;288;946;
Dirt_3;0;372;288;947;
Dirt_4;0;228;228;959;
Dirt_4;0;192;264;960;
Dirt_4;0;264;240;961;
Dirt_4;0;192;300;962;
Dirt_4;0;156;276;963;
Dirt_4;0;228;324;964;
Dirt_4;0;300;276;965;
Dirt_4;0;240;276;966;
Dirt_4;0;288;324;967;
Dirt_4;0;348;288;968;
Dirt_4;0;360;312;969;
Dirt_4;0;408;324;970;
Dirt_4;0;420;264;971;
Dirt_4;0;384;276;972;
Dirt_4;0;336;228;973;
Dirt_4;0;300;252;974;
Dirt_4;0;396;204;975;
Dirt_4;0;360;252;976;
Dirt_4;0;420;216;977;
Dirt_4;0;384;144;978;
Dirt_4;0;408;132;980;
Dirt_4;0;384;84;981;
Dirt_4;0;408;48;982;
Dirt_4;0;432;0;983;
Dirt_4;0;420;84;984;
Dirt_4;0;372;0;985;
Dirt_4;0;348;36;986;
Dirt_4;0;300;0;987;
Dirt_4;0;288;24;988;
Dirt_4;0;324;24;989;
Dirt_4;0;228;48;990;
Dirt_4;0;96;240;997;
Dirt_4;0;84;300;998;
Dirt_4;0;96;336;999;
Dirt_4;0;48;252;1000;
Dirt_4;0;24;312;1001;
Dirt_4;0;60;312;1002;
Dirt_4;0;0;216;1003;
Dirt_4;0;60;168;1004;
Dirt_4;0;24;132;1005;
Dirt_4;0;48;96;1006;
Dirt_4;0;0;36;1007;
Dirt_4;0;60;24;1008;
Dirt_4;0;36;60;1009;
Dirt_4;0;120;0;1010;
Dirt_4;0;204;0;1011;
Dirt_4;0;156;36;1012;
Dirt_5;0;36;0;1013;
Dirt_5;0;240;12;1014;
Dirt_5;0;72;132;1015;
Dirt_5;0;36;216;1016;
Dirt_5;0;72;288;1017;
Dirt_5;0;216;252;1018;
Dirt_5;0;324;252;1020;
Dirt_5;0;312;312;1021;
Dirt_5;0;396;252;1022;
Dirt_5;0;420;156;1023;
Dirt_5;0;372;120;1024;
Dirt_5;0;396;36;1025;
Dirt_5;0;156;12;1026;
Dirt_3;0;-12;-12;1028;
Dirt_3;0;-24;-12;1029;
Dirt_3;0;-36;-12;1030;
Dirt_3;0;-48;-12;1031;
Dirt_3;0;-48;0;1032;
Dirt_3;0;-48;12;1033;
Dirt_3;0;-48;24;1034;
Dirt_3;0;-48;36;1035;
Dirt_3;0;-48;48;1036;
Dirt_3;0;-48;60;1042;
Dirt_3;0;-48;72;1043;
Dirt_3;0;-48;84;1044;
Dirt_3;0;-48;96;1045;
Dirt_3;0;-48;108;1046;
Dirt_3;0;-48;120;1047;
Dirt_3;0;-48;132;1048;
Dirt_3;0;-48;144;1049;
Dirt_3;0;-48;156;1050;
Dirt_3;0;-48;168;1051;
Dirt_3;0;-48;180;1052;
Dirt_3;0;-48;192;1053;
Dirt_3;0;-48;204;1054;
Dirt_3;0;-48;216;1055;
Dirt_3;0;-48;228;1056;
Dirt_3;0;-48;240;1057;
Dirt_3;0;-48;252;1058;
Dirt_3;0;-48;264;1059;
Dirt_3;0;-48;276;1060;
Dirt_3;0;-48;288;1061;
Dirt_3;0;-48;300;1062;
Dirt_3;0;-48;312;1063;
Dirt_3;0;-48;324;1064;
Dirt_3;0;-36;336;1065;
Dirt_3;0;-48;336;1066;
Dirt_3;0;-36;336;1067;
Dirt_3;0;-24;336;1068;
Dirt_3;0;-12;336;1069;
Dirt_3;0;-12;324;1070;
Dirt_3;0;-12;312;1071;
Dirt_3;0;-12;300;1072;
Dirt_3;0;-12;288;1073;
Dirt_3;0;-12;276;1074;
Dirt_3;0;-12;264;1075;
Dirt_3;0;-12;252;1076;
Dirt_3;0;-24;252;1077;
Dirt_3;0;-24;240;1078;
Dirt_3;0;-24;228;1079;
Dirt_3;0;-24;216;1080;
Dirt_3;0;-24;204;1081;
Dirt_3;0;-24;192;1082;
Dirt_3;0;-24;180;1083;
Dirt_3;0;-24;168;1084;
Dirt_3;0;-24;156;1085;
Dirt_3;0;-24;144;1086;
Dirt_3;0;-24;132;1087;
Dirt_3;0;-24;120;1088;
Dirt_3;0;-24;108;1089;
Dirt_3;0;-24;96;1090;
Dirt_3;0;-24;84;1091;
Dirt_3;0;-24;72;1092;
Dirt_3;0;-24;60;1093;
Dirt_3;0;-24;48;1094;
Dirt_3;0;-24;36;1095;
Dirt_3;0;-24;24;1096;
Dirt_3;0;-24;12;1097;
Dirt_3;0;-24;0;1098;
Dirt_3;0;-12;0;1099;
Dirt_3;0;-12;12;1100;
Dirt_3;0;-12;24;1101;
Dirt_3;0;-12;36;1102;
Dirt_3;0;-12;48;1103;
Dirt_3;0;-12;60;1104;
Dirt_3;0;-12;72;1105;
Dirt_3;0;-12;84;1106;
Dirt_3;0;-12;96;1107;
Dirt_3;0;-12;108;1108;
Dirt_3;0;-12;120;1109;
Dirt_3;0;-12;132;1110;
Dirt_3;0;-12;144;1111;
Dirt_3;0;-12;156;1112;
Dirt_3;0;-12;168;1113;
Dirt_3;0;-12;180;1114;
Dirt_3;0;-12;192;1115;
Dirt_3;0;-12;204;1116;
Dirt_3;0;-12;216;1117;
Dirt_3;0;-12;228;1118;
Dirt_3;0;-12;240;1119;
Dirt_3;0;-24;264;1120;
Dirt_3;0;-24;276;1121;
Dirt_3;0;-24;288;1122;
Dirt_3;0;-24;300;1123;
Dirt_3;0;-24;312;1124;
Dirt_3;0;-24;324;1125;
Dirt_3;0;-36;0;1126;
Dirt_3;0;-36;12;1127;
Dirt_3;0;-36;24;1128;
Dirt_3;0;-36;36;1129;
Dirt_3;0;-36;48;1130;
Dirt_3;0;-36;60;1131;
Dirt_3;0;-36;72;1132;
Dirt_3;0;-36;84;1133;
Dirt_3;0;-36;96;1134;
Dirt_3;0;-36;108;1135;
Dirt_3;0;-36;120;1136;
Dirt_3;0;-36;132;1137;
Dirt_3;0;-36;144;1138;
Dirt_3;0;-36;156;1139;
Dirt_3;0;-36;168;1140;
Dirt_3;0;-36;180;1141;
Dirt_3;0;-36;192;1142;
Dirt_3;0;-36;204;1143;
Dirt_3;0;-36;216;1144;
Dirt_3;0;-36;228;1145;
Dirt_3;0;-36;240;1146;
Dirt_3;0;-36;252;1147;
Dirt_3;0;-36;264;1148;
Dirt_3;0;-36;276;1149;
Dirt_3;0;-36;288;1150;
Dirt_3;0;-36;300;1151;
Dirt_3;0;-36;312;1152;
Dirt_3;0;-36;324;1153;
Dirt_3;0;444;0;1154;
Dirt_3;0;456;0;1155;
Dirt_3;0;444;0;1156;
Dirt_3;0;444;-12;1157;
Dirt_3;0;456;-12;1158;
Dirt_3;0;468;-12;1159;
Dirt_3;0;480;-12;1160;
Dirt_3;0;468;-12;1161;
Dirt_3;0;468;0;1162;
Dirt_3;0;480;0;1163;
Dirt_3;0;480;12;1164;
Dirt_3;0;480;24;1165;
Dirt_3;0;480;36;1166;
Dirt_3;0;480;48;1167;
Dirt_3;0;480;60;1168;
Dirt_3;0;480;72;1169;
Dirt_3;0;480;84;1170;
Dirt_3;0;480;96;1171;
Dirt_3;0;480;108;1172;
Dirt_3;0;480;120;1173;
Dirt_3;0;480;132;1174;
Dirt_3;0;480;144;1175;
Dirt_3;0;480;156;1176;
Dirt_3;0;480;168;1177;
Dirt_3;0;480;180;1178;
Dirt_3;0;480;192;1179;
Dirt_3;0;480;204;1180;
Dirt_3;0;480;216;1181;
Dirt_3;0;468;12;1182;
Dirt_3;0;468;24;1183;
Dirt_3;0;468;36;1184;
Dirt_3;0;468;60;1185;
Dirt_3;0;468;72;1186;
Dirt_3;0;468;84;1187;
Dirt_3;0;468;96;1188;
Dirt_3;0;468;108;1189;
Dirt_3;0;468;120;1190;
Dirt_3;0;468;132;1191;
Dirt_3;0;468;144;1192;
Dirt_3;0;468;156;1193;
Dirt_3;0;468;168;1194;
Dirt_3;0;468;180;1195;
Dirt_3;0;468;192;1196;
Dirt_3;0;468;204;1197;
Dirt_3;0;468;216;1198;
Dirt_3;0;468;48;1199;
Dirt_3;0;456;12;1200;
Dirt_3;0;456;24;1201;
Dirt_3;0;456;36;1202;
Dirt_3;0;456;48;1203;
Dirt_3;0;456;60;1204;
Dirt_3;0;456;72;1205;
Dirt_3;0;456;84;1206;
Dirt_3;0;456;96;1207;
Dirt_3;0;456;108;1208;
Dirt_3;0;456;120;1209;
Dirt_3;0;456;132;1210;
Dirt_3;0;456;144;1211;
Dirt_3;0;456;156;1212;
Dirt_3;0;456;168;1213;
Dirt_3;0;456;180;1214;
Dirt_3;0;456;192;1215;
Dirt_3;0;456;204;1216;
Dirt_3;0;456;216;1217;
Dirt_3;0;444;12;1218;
Dirt_3;0;444;24;1219;
Dirt_3;0;444;36;1220;
Dirt_3;0;444;48;1221;
Dirt_3;0;444;60;1222;
Dirt_3;0;444;72;1223;
Dirt_3;0;444;84;1224;
Dirt_3;0;444;96;1225;
Dirt_3;0;444;108;1226;
Dirt_3;0;444;120;1227;
Dirt_3;0;444;132;1228;
Dirt_3;0;444;144;1229;
Dirt_3;0;444;156;1230;
Dirt_3;0;444;168;1231;
Dirt_3;0;444;180;1232;
Dirt_3;0;444;192;1233;
Dirt_3;0;444;204;1234;
Dirt_3;0;444;216;1235;
Dirt_3;0;444;228;1236;
Dirt_3;0;444;240;1237;
Dirt_3;0;444;252;1238;
Dirt_3;0;444;264;1239;
Dirt_3;0;444;276;1240;
Dirt_3;0;444;288;1241;
Dirt_3;0;444;300;1242;
Dirt_3;0;444;312;1243;
Dirt_3;0;444;324;1244;
Dirt_3;0;444;336;1245;
Dirt_3;0;456;336;1246;
Dirt_3;0;468;336;1247;
Dirt_3;0;480;336;1248;
Dirt_3;0;480;324;1249;
Dirt_3;0;480;312;1250;
Dirt_3;0;480;300;1251;
Dirt_3;0;480;288;1252;
Dirt_3;0;480;276;1253;
Dirt_3;0;480;264;1254;
Dirt_3;0;480;252;1255;
Dirt_3;0;480;240;1256;
Dirt_3;0;480;228;1257;
Dirt_3;0;468;228;1258;
Dirt_3;0;456;228;1259;
Dirt_3;0;456;240;1260;
Dirt_3;0;456;252;1261;
Dirt_3;0;456;264;1262;
Dirt_3;0;456;276;1263;
Dirt_3;0;456;288;1264;
Dirt_3;0;456;300;1265;
Dirt_3;0;456;312;1266;
Dirt_3;0;456;324;1267;
Dirt_3;0;468;324;1268;
Dirt_3;0;468;312;1269;
Dirt_3;0;468;300;1270;
Dirt_3;0;468;288;1271;
Dirt_3;0;468;276;1272;
Dirt_3;0;468;264;1273;
Dirt_3;0;468;252;1274;
Dirt_3;0;468;240;1275;
Dirt_4;0;432;312;1276;
Dirt_4;0;468;240;1277;
Dirt_4;0;444;192;1278;
Dirt_4;0;468;144;1279;
Dirt_4;0;444;84;1280;
Dirt_4;0;468;36;1281;
Dirt_4;0;0;300;1282;
Dirt_4;0;-24;324;1283;
Dirt_4;0;-24;204;1284;
Dirt_4;0;-24;108;1285;
Dirt_4;0;-24;264;1286;
Dirt_4;0;-24;0;1287;
Dirt_5;0;0;168;1288;
Dirt_5;0;-36;300;1289;
Dirt_5;0;456;288;1290;
Dirt_5;0;468;108;1291;
Dirt_3;0;156;228;1481;
Dirt_3;0;156;240;1482;
Dirt_3;0;168;252;1483;
Dirt_3;0;168;240;1484;
Dirt_3;0;168;228;1485;
Dirt_3;0;156;240;1486;
Dirt_3;0;156;252;1487;
end;0;144;240;1502;
end;0;132;240;1503;
end;0;120;240;1504;
Dirt_3;0;156;324;1521;
Dirt_3;0;156;336;1522;
Dirt_3;0;372;156;1525;
Dirt_3;0;360;84;1540;
Dirt_3;0;360;72;1541;
Dirt_3;0;360;60;1542;
Dirt_3;0;360;108;1590;
Dirt_3;0;360;120;1591;
Dirt_3;0;84;180;1661;
Dirt_3;0;84;192;1662;
Dirt_3;0;84;204;1663;
Dirt_3;0;84;216;1664;
Dirt_3;0;96;216;1665;
Dirt_3;0;108;216;1666;
Dirt_3;0;108;204;1667;
Dirt_3;0;108;192;1668;
Dirt_3;0;108;180;1669;
Dirt_3;0;96;180;1670;
Dirt_3;0;96;192;1671;
Dirt_3;0;96;204;1672;
Dirt_3;0;360;132;1685;
Dirt_3;0;360;144;1686;
Dirt_3;0;360;156;1687;
Dirt_3;0;360;168;1688;
Dirt_3;0;360;180;1689;
Dirt_3;0;360;216;1692;
Dirt_4;0;180;228;1753;
Dirt_3;0;288;216;1754;
Dirt_3;0;300;216;1755;
Dirt_3;0;312;216;1756;
Dirt_3;0;324;216;1757;
Dirt_3;0;336;216;1758;
Dirt_3;0;348;216;1759;
Dirt_4;0;96;192;1760;
Dirt_4;0;108;36;1762;
Dirt_5;0;192;48;1765;
Dirt_5;0;372;180;1767;
Dirt_3;0;360;192;1769;
Dirt_3;0;360;96;1771;
Dirt_3;0;72;168;1772;
Dirt_1;0;72;84;1773;
Dirt_0;0;84;84;1774;
Dirt_6;0;96;84;1775;
Dirt_3;0;120;60;1776;
Dirt_3;0;120;72;1777;
Dirt_3;0;120;84;1778;
Dirt_3;0;120;96;1779;
Dirt_9;0;108;60;1780;
Dirt_8;0;84;60;1782;
Dirt_3;0;84;96;1783;
Dirt_8;0;84;108;1786;
Dirt_1;0;72;144;1787;
Dirt_0;0;84;144;1788;
Dirt_0;0;96;144;1789;
Dirt_0;0;108;144;1790;
Dirt_0;0;120;144;1791;
Dirt_3;0;132;84;1792;
Dirt_8;0;132;96;1793;
flying_blob;0;132;96;1794;
blob;0;84;132;1795;
Bush_0;0;84;132;1796;
Dirt_0;0;132;144;1799;
Dirt_0;0;144;144;1800;
Dirt_2;0;156;144;1801;
Dirt_0;0;156;132;1802;
Dirt_7;0;144;132;1804;
spike_blob;0;132;132;1805;
Bush_0;0;132;132;1806;
start;0;84;72;1807;
butterfly;0;108;120;1808;
Dirt_0;0;168;120;1809;
Dirt_2;0;168;132;1810;
Dirt_7;0;156;120;1812;
Dirt_0;0;180;120;1813;
Dirt_0;0;192;120;1814;
Dirt_0;0;204;120;1815;
Dirt_0;0;216;120;1816;
Dirt_0;0;228;120;1817;
flying_blob;0;132;72;1818;
flower;0;204;108;1819;
snail;0;180;108;1820;
snail;0;228;108;1821;
butterfly;0;192;84;1822;
Dirt_0;0;240;120;1823;
Dirt_3;0;228;60;1824;
Dirt_9;0;216;60;1825;
Dirt_3;0;252;60;1826;
Dirt_8;0;264;60;1827;
flying_blob;0;240;60;1828;
Dirt_0;0;252;120;1829;
Dirt_0;0;264;120;1830;
Dirt_0;0;276;120;1831;
Dirt_0;0;288;120;1832;
Dirt_2;0;300;120;1833;
Dirt_0;0;300;108;1834;
Dirt_7;0;288;108;1835;
Bush_0;0;300;96;1836;
Dirt_6;0;312;108;1837;
Dirt_3;0;348;60;1838;
Dirt_3;0;348;72;1839;
Dirt_3;0;336;60;1840;
Dirt_3;0;324;60;1841;
Dirt_3;0;348;84;1842;
Dirt_9;0;348;96;1843;
Dirt_9;0;336;72;1844;
Dirt_9;0;312;60;1845;
Dirt_3;0;168;144;1846;
Dirt_3;0;180;144;1847;
Dirt_3;0;192;144;1848;
Dirt_3;0;192;132;1849;
Dirt_3;0;180;132;1850;
Dirt_3;0;192;132;1851;
Dirt_3;0;204;132;1852;
Dirt_3;0;216;132;1853;
Dirt_3;0;228;132;1854;
Dirt_3;0;240;132;1855;
Dirt_3;0;252;132;1856;
Dirt_3;0;264;132;1857;
Dirt_3;0;276;216;1858;
Dirt_3;0;264;216;1859;
Dirt_3;0;252;216;1860;
Dirt_3;0;252;204;1861;
Dirt_3;0;252;192;1862;
Dirt_3;0;252;180;1863;
Dirt_3;0;264;180;1866;
Dirt_3;0;264;192;1867;
flying_blob;0;276;132;1869;
Dirt_0;0;348;204;1870;
Dirt_0;0;336;204;1871;
Dirt_0;0;324;204;1872;
Dirt_0;0;312;204;1873;
Dirt_0;0;300;204;1874;
Dirt_0;0;288;204;1875;
Dirt_0;0;276;204;1876;
Dirt_1;0;264;204;1877;
Dirt_2;0;360;204;1878;
Bush_0;0;348;192;1879;
blob;0;348;192;1880;
spike_blob;0;276;192;1881;
Dirt_0;0;252;168;1882;
Dirt_0;0;264;168;1883;
Dirt_6;0;276;168;1884;
Dirt_0;0;312;168;1886;
Dirt_0;0;324;168;1887;
Dirt_6;0;336;168;1888;
Dirt_7;0;300;168;1889;
Dirt_9;0;312;180;1890;
Dirt_8;0;324;180;1891;
Dirt_0;0;240;168;1892;
Dirt_0;0;228;168;1893;
Dirt_7;0;216;168;1894;
Dirt_3;0;228;192;1896;
Dirt_3;0;228;204;1897;
Dirt_3;0;228;216;1898;
Dirt_3;0;240;216;1899;
Dirt_3;0;240;204;1900;
Dirt_3;0;240;192;1901;
Dirt_3;0;240;180;1902;
Dirt_3;0;216;192;1903;
Dirt_3;0;216;204;1904;
Dirt_3;0;216;216;1905;
Dirt_3;0;204;216;1906;
Dirt_3;0;192;216;1907;
Dirt_3;0;180;216;1908;
Dirt_3;0;168;216;1909;
Dirt_3;0;168;204;1910;
Dirt_3;0;180;204;1911;
Dirt_3;0;192;204;1912;
Dirt_3;0;204;204;1913;
Dirt_3;0;204;192;1914;
Dirt_3;0;192;192;1915;
Dirt_3;0;180;192;1916;
Dirt_3;0;168;192;1917;
Dirt_3;0;156;192;1918;
Dirt_3;0;156;204;1919;
Dirt_3;0;156;216;1920;
Dirt_3;0;84;156;1921;
Dirt_3;0;96;156;1922;
Dirt_3;0;108;156;1923;
Dirt_3;0;108;168;1924;
Dirt_3;0;96;168;1925;
Dirt_3;0;84;168;1926;
Dirt_0;0;216;180;1927;
Dirt_0;0;204;180;1928;
Dirt_0;0;192;180;1929;
Dirt_0;0;180;180;1930;
Dirt_0;0;168;180;1931;
Dirt_0;0;156;180;1932;
Dirt_7;0;144;180;1933;
Dirt_2;0;228;180;1934;
blob;0;228;156;1935;
blob;0;156;168;1936;
Bush_0;0;156;168;1937;
Dirt_8;0;204;144;1938;
Dirt_8;0;120;156;1939;
Dirt_4;0;180;204;1940;
Dirt_4;0;252;180;1941;
Dirt_4;0;360;72;1942;
Dirt_4;0;96;156;1943;
Dirt_4;0;228;132;1944;
Dirt_5;0;240;132;1945;
Dirt_5;0;204;192;1946;
Dirt_5;0;108;216;1947;
Dirt_5;0;60;96;1948;
mushroom;0;324;156;1949;
butterfly;0;300;144;1950;
snail;0;192;168;1951;
Bush_0;0;300;192;1952;
Bush_0;0;264;108;1953;
Bush_0;0;168;168;1954;
Bush_0;0;204;168;1955;
