Layers:
Main;0;1;0;
Tiles:
Dirt_0;0;72;192;9;
Dirt_0;0;84;192;10;
Dirt_0;0;96;192;11;
Dirt_0;0;108;192;12;
Dirt_0;0;120;192;13;
Dirt_0;0;132;192;14;
Dirt_0;0;144;192;15;
Dirt_6;0;156;192;16;
Dirt_3;0;144;204;17;
Dirt_3;0;144;216;18;
Dirt_2;0;144;228;19;
Dirt_0;0;156;228;20;
Dirt_0;0;168;228;21;
Dirt_0;0;180;228;22;
Dirt_0;0;192;228;23;
Dirt_1;0;204;228;24;
Dirt_3;0;204;216;25;
Dirt_3;0;204;204;26;
Dirt_3;0;204;192;27;
Dirt_3;0;204;180;28;
Dirt_0;0;204;168;29;
Dirt_7;0;192;168;30;
Dirt_1;0;216;168;31;
Dirt_3;0;216;156;32;
Dirt_3;0;216;144;33;
Dirt_3;0;216;132;34;
Dirt_3;0;204;132;35;
Dirt_3;0;192;132;36;
Dirt_3;0;180;132;37;
Dirt_3;0;168;132;38;
Dirt_3;0;156;132;39;
Dirt_3;0;144;132;40;
Dirt_3;0;144;144;41;
Dirt_3;0;132;144;42;
Dirt_3;0;120;144;43;
Dirt_3;0;108;144;44;
Dirt_3;0;96;144;45;
Dirt_3;0;84;144;46;
Dirt_3;0;72;144;47;
Dirt_3;0;60;144;48;
Dirt_3;0;60;156;49;
Dirt_3;0;60;168;50;
Dirt_3;0;60;180;51;
Dirt_2;0;60;192;52;
Dirt_4;0;132;204;53;
Dirt_4;0;96;216;54;
Dirt_4;0;60;204;55;
Dirt_4;0;132;132;56;
Dirt_4;0;216;204;57;
Dirt_4;0;192;240;58;
Dirt_5;0;72;132;59;
Dirt_5;0;180;240;60;
Dirt_5;0;120;240;61;
Dirt_3;0;120;132;62;
Dirt_3;0;108;132;63;
Dirt_3;0;96;132;64;
Dirt_3;0;84;132;65;
Dirt_3;0;60;132;66;
Dirt_3;0;72;204;67;
Dirt_3;0;72;216;68;
Dirt_3;0;84;216;69;
Dirt_3;0;84;204;70;
Dirt_3;0;60;216;71;
Dirt_3;0;60;228;72;
Dirt_3;0;72;228;73;
Dirt_3;0;84;228;74;
Dirt_3;0;96;228;75;
Dirt_3;0;108;228;76;
Dirt_3;0;120;228;77;
Dirt_3;0;132;228;78;
Dirt_3;0;132;216;79;
Dirt_3;0;120;216;80;
Dirt_3;0;120;204;81;
Dirt_3;0;108;204;82;
Dirt_3;0;96;204;83;
Dirt_3;0;108;204;84;
Dirt_3;0;108;216;85;
Dirt_3;0;60;240;86;
Dirt_3;0;72;240;87;
Dirt_3;0;84;240;88;
Dirt_3;0;96;240;89;
Dirt_3;0;108;240;90;
Dirt_3;0;132;240;91;
Dirt_3;0;144;240;92;
Dirt_3;0;156;240;93;
Dirt_3;0;168;240;94;
Dirt_3;0;204;240;95;
Dirt_3;0;216;240;96;
Dirt_3;0;216;228;97;
Dirt_3;0;216;216;98;
Dirt_3;0;216;192;99;
Dirt_3;0;216;180;100;
